70 mnux IN T. len

m mh 114 44141411 14444414 14 G.

1444 44,4. 14144114 Campanum 1141 11414

,444

bum
44414 1 114441141Ιί4, 4444.

4441164444. 1411444444, 17. uum Ἴ
su 14. 14ἱ4ὠ1141ἱ4414 Ι144 414414 14441 41-

ιέορίηω raum 44114. 1111114. 441. pom,

41411444 14114411 caer. 1441444 1111114141 c 41111444 1114,4444111,44114444,4.14.

414414 44. 4.

4411, 44.

m, 411141 4, 44 44 44. 44 44 41,44, 44. 41, hunul. F. 1414, decemvir 44414444,
41, 14. 14114414 4141444144 1414144414 41, 44. 1114414111 41. 4,

444 1444414 414141144 1114114111147.
41444444 41. 41.

444

‘'“f‘u

C. 1411411144 4114411144 44, 44.
1.. 44414441. 4114. 141114. 4414111141 1441444144,

41411114444,44,17.44,44.44,44.1144- 1 4441444141141144444,44.
111 41114 1414411141, 444444 41411 44114114 ιτέειϊήω, 1114. 141111 1444441111 4144411114

4.. baurim, 4411141,141441141,411 4441-

211414 4171414 4144 44411414 44414, 47. 44,

4441141141 4141 4. 4114414141 1444117. 1414441414 44444444441414444 114144 44 44444·

Motum 1, 4 4444. 4. 10. 44, 41. 4144111·

11414 4, 44.

1141441 1141114144144444144144441.44. 44· 1.. mersus (1414444, 444. 4, 41.

441 114414 Ι11114111441111444,47.
4111144444444

1.. 1144144144 erm. 4, 44. ¹
“amm 4111141. 4444444, 44411141 441144

41411 4444414114 14414. 4444. 444.

4114444144. 44411111 41444444411441, 14141 4444411444.144441414.41411441 4441141111 44.
441 114144111444. 41414441 1144111414 u. 44441414 cmm. 44114. 141114. 444 pute.

4. 44441444 1444441444 44 44.
44144441444114, 44 44 414,
gfff? ζ. ιῖ”ἰ’>ἷι“1ἰ’ἓιιῗιῖἑ»ἷῗίι1ι Amaia
fflfflffl⁰u3¹d⁸iof⁶ffl⁰zu 44.
41141414 mutuaeque 4414444414 44, 44,
3:1³ae 44411411444141411..
11114244444444444Λ4, paludamentum 1144414
uorum 1441114 1141411144. 14144144441
4444411441, 41414144 1444114111, 44141441

1144141444 uum 1141441444 in 4444144111 44411-
414444444444111144 41, 44. 14. 41, 4, 14. 44,
famu& 14 Samnio euplum 1 Sp. Cani-
13311144114114144.

414111114414111444141 4111111 4144414144 47,
111ιέ 444191οῄ111 44411114 444444, 41 4441441

4. 114444 11. 444144 444414 44 144444, qu
44144 41141 414 4, 44.

1.. 4141144441, 41414144 equit 411444 4,

14. 441. 44, 4141114144. 14444441 4111141441
proficiscunt, 1414, nonan 41414 1141414441
pullario. 44 1414141444 4444114444 44. 11-
41141444 0. 41414, 1141411144 equitum, 4444,
1411441144 1444411144 cun 44411411, 4444.
311411ῗ1414141.41“11.ἓ441141.’
44 411411 4444411114 4444 populum. 4114. 44411-
441, 44144414 411413 1114 4111144444 44. 44-
144 4441414444 0 14144444144441141444.

41114 47, 11141 4441144144. 4444. 444. 1141411
41414144 4, 7. 114 Apulum 441414 14. 4411444
141114444144441414
4111141441, 4414 4441144 441. 1114. 4444144
41141444 14. 1414441414, 14141. 4144 114441,
1444. 4414411414 44414 41441 44. quu-
tum 444. 44. 41411441 1144114444, 14414441
ι1113414444 141411 44 4144141444 44. 4114114114.

45, 444144444141,11141141441144 44. 111411· ῖ

14411444 414111 4444444 11441111. 14 1111114 lu· 1., 44444144 emor 14, 4, 441. 44111414. qu

11141144, if.
1144444141 44, 41. 14, 44. 47, 44. 44, 44.
Pamphylium 14444 44, 14, Ρ1444141114141444
4145314444 111441 4441141 1, u. 11414441
11444414 4411111144 414141 1441444 laeuum
marmerffltgu pur lunum 14441111 114,

putem 4114, 4111444 44, Ι11114111414111414-
14111111 ιι 44.,1441111114111414, 41444. 441-
mm'uwafflfflu‘ Ἥ 1ῗῖ Quin&
3123? §affinium 4441144444 41414 411444, 4444
ffiffioefffflfflffiffi' 1111ᾞῶΒῖ

munuum, 4444111144 Aetolorum 41, 44, 44. 1.. Papiam 1441 4141141441444141,14. 144·

41 44, 42.

1444444144, urb· 4, 44. ln deditionem 441114 144- 1,.

munorum 44, 44.

1114114411414114414 1441444 44.
Papum· 4441411411 411. 4441144 4, 4. 441·
1441414111 4. 144414 444. 44. 14111114. 41111.

Pam 44 4114144114 1411411144 obsidentium 4411441141 1444144141 44. proditur 41141444 44.

4414141141 41441441 11, 44.

1., Papam· 41 41141114 141. 4444441 4, 44.

1141441414. Au 1414414411 1441114 1111414114- Ι. Papirius G 1444, 444414 4414 4141441·

theunium· 1414441441 44, 44. 44, 1.
Pomm· 44111114 441114 47, 14 44 11.

44141414144444114444 44444114, 41 nb 44 iu-
tornatur 4, 41.

Pantaleon. 14441111 princeps, 14414111 111444- 44, Papirium, quinquevir 444111144 4441444 ’4.

4441 1 porussorum 44, 14.

21.

4444444414 414111 4144444 untur 1414411114- Ι. mptum 4441111114, 441. 4, 44.
41441444 44, 1411441144 41111141 11114111, 14. Papirius 41111444, 444. 4. 14.
44444411 11411141 141111 4444171444. Be· 14 Papirius 4141411, 41411141 4, 47,

14414 14441444 41141414 44
Papum. 14444 44, 14.
ἷῖῗᾶἓῖηῗῃῖῗῖνῧίιιῖὸ, 4.

Ι. Papam· 111 suanm, 1414441114 4411441114

4114114 4, 4 ,144144 47.

44. marsus. 44114. 41114. 44444141444414141,

11414444 44414 Velitras 4, 44.

 

