Α. 11. G. LIBROS.

1111181118, 1118181 Ρ. 18111811 88. 8. 811181 888·

81111 11111 11111111, ibid. 181 1181881181 888811·

118111, qui 1811811881 tuentur 11 81 18.

11. Duronius. 81811818188181. 8818181188·

11181,8111111118111181148 18.
111881811181118881 Ϊ8148811188818 1,88. 8, 88.
duumvirum 88881118, 1111181118 snm·
818881’1888818111
888111 1881811411 8111111111 1881811111 8, 87.
111 188881 1888111 11888188188181111187. 88.
es. 88, 88. 48, 84 8818181, 8181818 8181111188
181αὲ888888 881181 8, 8ο. 48, 18 81 88.
1811811111, 181 188881
1 · 1 · 1
1.11.11111.8118188.111811118
8 17.81111181188111811111118 88818118 pamm
(11111111 8118114818 11118 8111111 88, 88, duci·
¹33³ 181188 8881188, quum 8181111118,
Bfflffffldt 382 ’8811811188 ’1819888188 ..111 quo
818811)ῗῖῧῖ 3871Ξ1181η118811811 18181188 8111188881
811811181111811Ψ1 ²²·
”ffigghffigaffssgffiyfflsefflanza-at
1111818188 18, 18. 81, 81. 18, 18.

E.

8111118881 Chalcidem 18 1111188118 1111 4841
1111188118 87, 48.

8881188

*pm 11111. 8818111888
ἓοὴῗτυαῖιὰὸ ι1184181 Antigoni 411, 54. ¹
8818181118, 11888811 81181118 1888188118,
impetrat 1 81888 118188 111 1888111118
8317188888811888881811818818 8818.
81118811, 8Ι 111881 88, 88, 8188.
118181811118181 1111181118 11
buno 1111111 14, 87. Ι ¹
8111118888α ἱ18110811881 141181111881181 118881, 18811811
8818888888 .,
812181881ξὸ8, 81181 8811188181881 8881188888
818111111818118 1818811181 1, 18.
Ιϊ811,1181ρῖ1111311 8181111181818
88. 8188 811118 81188181888111118118, 8188
18Ϊὲΐὲ31ᾏωὶ11811111 88188188 8818888888 41,

8111. 8811811111, dux 8888111111, 188181 118111
adversus 1181181181 111, 18. Umbros 18881 811
1818818888, 81 (181181 11118811 818118 18111.
81111818111118 11111888.

8181887, 18. 88, fo. 44, 88.

8181111, oppidum 81, 18. 87, 8.

818118, urbs 1118811111 18, 7. 88, 18. 8118188181
1 88188811 81 eapitur. 111118. 8188,84,88,87.

818118 8181111188 48, 84.

8111 eum Achaeis pugnant 87, 81. 88. 888,
Olympiorum 1811811188 ludicrum 81188181

1. 1111 1111881.

3³

wlu'ff‘dufimm 88, 7. 8 88188818
8811111181 (1881814818ῃῆ 'fflffge’ffuffiwagfflss
88581ιῶῗῗέὖῗυῗιλιῗῖῗιῗῖἱοθῖῗ81 1111.
8118118811 1818181 88811181 181881 87, 14. quo.
8181 modo 1188888881 11818811 81. 88. 88-
11811111.1111111118881111118 118
11Ῐ”18.“.11;818518112 '⁰² ..1811818
1111 81. 88. 8188118181 18811111811818 888818
18111818881111111188..11,11. 81
1111188188,111188 81 811111 818118188111 88.
818 888181. 118,
figmoetfflffl 188111 eum 1818111 84, 81.
811888881118111 18111811 11. 88111111 881. 88. 88.
8111881118. dux Ceuomnorum, 818188841111·

818ῗ1151’1,3ῗ1ἱ181181 81, 18,
81111881818111 87, 48.
88181818 8111881118 1118881140, 8.
88181118, 111118 10. 8. 48, 8. 44, 44.
81888118, 1811888, 88 et 88, 84, 88.
1111818188 8111811111
84, J 8111881111 18111111 81181881 Gn. 881818
818818ξί2881 11188181 18 48188101881 88811111
8318811818 prope Placentiam, 1181881811 1118·
833118128118711181188888. lapide 11181811,
supinumque septum 41. 88.
Empulum. Ἥ). 8181881 8 11881. 7, 18.
8111111111, 8 ’88888888 14, 8 8188.
98181ῗέ1.8811988811ξέ.ῗὲ 1181·
8818818 81, 88 8140. 1181118818 1111188 88, 8.
88111381 {bssssnzn 81, 18. ⁴
Epanterii 81881881,8881 88111111 11811881 gerunt
8111ἶῖ31 ¹ {⁸25⁴.⁰'³³,‚ 88. 8818. 11 8181111·
1881811111111881811111811...
1³¹ 1
[Saffo. 8188188181 puditum 8111118811181 18
8811111 18181144, 8ο.
8111818181 1111841181 87, 18 11118.
818188188118111811
81 88. syracusus 1818188 ambo 8188111111
87. 11811818 18181 1118818881 81 nomano·
118811 11111111·.1181’11..“1.88ξ;
18811188 88. 8881881818 8111818188ηά8818 .
0¹ 1 ·
81121ἷ8821,881811888 8118888188, 8118188188 11·
1811111 8111811118, 1818188181871881181888 88.
lemnum. 111118 88111111 templo 1818111811 111,
aaa& 13881 81118881 18, 81,
8811818118 comanam 1118111ἀ8π1ΐ8111111111ί118ο
811111. wigman Ι18118, iffi) tentant 88888
Philippum mter 81 1188181181. 11111118 mlo..
181811ἳ“11ῗ“1811“1111’.1111118118
8881111818, 1118, 81181111181188, 11111. 11·

3

 

