4 mmmmm

3121101111 choum 11 14111111 11111411

o, 1141111111 11111111. 11 111111 1111111111 1
111111, 1114111111141111114 41, 11.

Ι. 1111111111, 1111111111111. 44. 11, 4. mm 111141111111111. gem 11111111 1, 11.

11114 1111111111 12, 14. 11111111 1111111111
14, 44. 11111111 41, 1. 11. 17. 11,

Ι. 4111411111. 111111 1.. 41111111 11111111, 1111141-
L'wffid'ffljff'ffl, 1111111114111111111111,
41110111 1.. 14. 110. 111111 1111111111 111111
1111111111111111· 11·
[1111111111. 11111111 11111, tribuum 11114111
mammae 11111111 1111111111 11. 11.

Ι. 4111111111 mm. 111111141 11111111 14, 41.
1111111111111111111

Ι, 4111114111 11141111 1111111111 Ptolemaeum
11,1, 1111111111 11111 11111ιῖ11 1114 11. pon-
4111111411111111, 7. 111111 11, 10. 111111
14. 11111411 1111111111 111. 1111114 1, 41.
14 1111111 4 11111 repulsu 10, 11. 40,
41. 11111 1 111 1111111 11141111 1111111111·

..ι.’111.“1111“’11111“4141.11;
11111.111144111*ἔ114·1ἷ111
1411111111111111111
111111411114181.,141111141, 11. 1111111111 41, 4.

Ufflomlgtugdmfda. 11111111 1111111111, 111-

Ιὼῆῗᾞὲἧωξοξῗὶῶαεωι 0, 7. 1111111111

U. 1111111111 11111111, 11111111 equitum. 11111
1111111101.

Ι, 1111111111 1111111111 111. 1111111114. 7. 111111
§make ι11110111ᾐῑ31211191111011111111 1, 111111

rs. 4111111111 111.1,11. 11111 111111411 11 sn·
Qvi ι111. 11111111, 11111 1111 11111111-

st 4111111111, quinquevir 111111111117. 11.

Τιξῖἳξεῶῧᾶειϋαηκωὺιω 111. eiusque 11111

4181111111Ὓ311140,1ἷ1 11 11 111141 1111141111
1111Ξὲ 1Ῥίἶ114ι1111111011311911ω114Αῗροέᾱῐοιοαὲξῶἓ
gesso, 1111Ιῇ 11111111Ι 11301131130411111111, 11

Δ nomm 111. 8. ,ξ’ p! 111141111411.

. . 1111 1,

Amo 111111 111111111411, 41, 10,

ιἐἲιιψνοῒῆᾞῖἷ1οἳ1ἕιῗῆἳ1ῐὶε1111111111οὲ11111ίῖ1111,
11111111·1111111

ffffikffilff'ssdssffljffssffff'a. ,
mmmm &mia-nm. 111 11411 1111111111

1111111111·

1111111111111111111111
1111 1111411117,10. 1111111111111 111111111-
ffissnff‘nssfsseuffissffssfiofffioffi ἶῗ,

4131111 11. 11. 17, 1. 11. 11. 11. 11. 11, 11

mmm& mma
111111 11111111 mo. 1111111111 11. 1111111
11411 Aequo· 1111111111, 14 atrox 1111111111
40. 1111111111 111111 11111141. 1111111114
1111111111· 11111111
“w
{Tazzffx‘fflhssssffl “W
11111 depopulatura. 1111111141·Μὲι 1111πᾶ
1.1·.11.11.1.1.·111111 r:
Ρ 11111414. 111111 111111Ρέ 1111111114 {festum
11141411111111 111. 11 11141111111111111
111 1101111111101111111111 11141111 1111111,
1111. 11111111111114111411111 1 11 1111411111-
411111. 111111111111 bello 1111111410.
141“14’..1..1’1141“1111“.111111
1111111111111111111114.
1411111111 4, 11. oppugnant 111411 1111111111,
1113Ιᾶ1119111111ιίιῖ1 11711414, 1111141 11111 111141
31 „fuiufffffffifflffi‘fassffimffi
1411111... ..1 ..1111111141ῧᾷἳί
11111 11111·111.1111111111ἶ
1411111111 14111111 11111111 1111111414141111111
1111111111111 1111111111
pumuntur 4. undamn 414111 111111 14111111
1411111141 11111111141111111111. iterum pe·
1111 1111111111114111411, 1111111 11 ln·
1111111111 11111411 1, 41, redintegrant
1311111111, 14 subiguntur 1 G. 11111 1111141111
ffimffi'i‘ffcssitfflo' 1, 11. 11, 11.
mzfflffivffinffilffiss 47. vernum 11,
Affinft'iws constituta 11110 equitibus
,411ὶέ11 111111 14, 111. pecuniam 1111111111
111111 ,1111111111.1
11111111.
1111111 11111111 11 1111111111111117,17
10, 41. 14. 11. 11, 14. 111111111111111·
anssffiffizffffiffissssfflffss'affi
4311119111 1, 11, 11, 11111111, 11,
mg& εἷῖἓῗοξῖξρῦὴῖοῑιηω 140, 11.
111111’.111111111111111’1
1111“1411’1111111111”11111 11.
gna 111 1111011111 111111141 1, 11. 1111111
1111111 11 11141111 111111101114111111 novo·
111111111111111, 1111. 14 Ἢ 111141111111
11111111· 411· 1. ,11111
141 111111111111111111 ‘'ng ¹
11111 ’11111111 7, 11. 11111 m 1211(ss 'mo
1114111.
Am 1111141111 1111114141 4. 1110. 1, 7.

 

