A. tt. 0. LIBROS.

13

8822. 8181811111811111811881128,88.11· 8188111188 181811 1118111, 81881181 18.
81181 8111118118 Philippum 88, 28. 188181 28. 81.
tonuit 11818181 188181 11811 42. 81. 8181, 8,

moritur. 81, 88.

ii. 1111111111 Cotto. 1888181 L. Scipionis, 1118
o

11111118, 8181 1111818118 21, 12. aonam 88818118,

Affiss'fflfflffi”2†ss,”{{⁸„gwm in 8881188111
88811118128, 88. 1 188111 8811188, non 11·
81111188181121818’3111111111
811811 1111118 27, 18. 1811 181111 88888 818·
1188 888811 1188. 118188 8, 18. annam, 18888
(tatto 81181881 orat. 18818111 11111 8881
ionum 88. 1811 11 (11111811 1881111 magnum
888881, anno quadrato 1181881, 11 Capitolio
118181 C. 8818181118 dictator 7, 18, proportio
111 argentum 8811. ann at 1181811 natalia

AQmfflffiffi 1211111 111111-

1311181818111181 18111188 Romanos 2, 18. ia.
28. 817, 28. 18 demtionem 1881888181, eoa·
8818111881888118118881 8, 18. Ι

ι’. nasamonium. 811118127, 818111181811·

ayuffuguiaaua, 1118. nuit. 11188111818811

1.. [unquentum praetor 88, 48. 18111181 iu
1118888818 81888181 87, 2. innatus 88.

1111118111, 8888181, subiguntur 18 118881811811
28, 81888181 Romania 81. 181 18 8111881
888111 88818881 88881181 1881111111 28, t. 118-
8881111 8. of. 1184, 28,

1811188111 181188, 88.

‘mxc' 1111118818υ1ε11311118ξ1112111111188. 8, 18.
818881888181111881188118. 8, 28. Auso·
8881 zona natata. 1818.

luaegietzgo 88811 118818881811, 88. 8, 11.

4888181818 8118111811 pullarius 18, 18. 88181811
81811818 21, 88. 18181118 81818 81811 nte·
811811, 8. 8811 188181118188811 1811118,
1111881111 8, 88. 111818181881 reputandum
188111 tomam 81111181, 1818.

Ammona 11, 28. 181118881 Auximi muros
188181 81818111 82.

mus} ι8.,π8ι11ὶίἓ4ἲε1541, 2813. 18, 28.

isonia. 88811881, 1181118 8881118818 811111
amoma

B.

8111111111 11, 11.

88188888111181 initio 11 Etruria 88, 8. 11111111
ἰ13111118111υ1111111181111891811 θῧὲἐῗιὲἆίιξιδιξάὦξωίῗ

8111118 81 Bacchanalibus 8118811111 contu-²
i 11. Postumius 1818111181 18 8888818181
18. 8188818181 8118118181, eorumque 88818-
{ssa affinium& ι181 18. nonatnsoonauiium

8888881881 habitu 88118881.81181881 818811,
oum 1181811881 1181881 antibarim 818111·
1881, 8188111888 aquom 11811 integra
8181811 1178188188, 18.

8888111118, 181818 87, 21.

Bataua 81881881818188818111818881 88181-
11118 18 118881118 88111818, 111818111181111-
1818181881 28, 18.

1. 88881111, auno 81111111 iton. 8181818111111

Cn. 11888111 ram 811111, 1118. 81. 8118 81811
ii. Livio 11 G. audio 8181811881 28, 87.
8811881181 8188181, oum 1181111 81188181 11·
111 81,18. 811. sortitur Ariminum 82. 1.
8111181, 1181111 181111181 81118188 insubrium
8818, 81181 818811817. 8 8881811 8. Lan·
tuto 8188111 1811881181, prouincia 11888111
181881ὲῖ1, 1818.ὁ ο1118111111 88188111 8888818811

Co. 1111881111 7881881181, 81181811811118118111-
tintinna? 1118818181 14, 17. lagatus 18 iiiv-
11888 , .

i.. 81181111 118818118 1181888118 11, 18.

i.. 888818181881, 8111181 811818187, 47. aor-
titur 1111818118 8111118188 88. 1888181
1118181181 18 8181188118, 8118881181881 81-
88111 87. 1181 1181811888 perfugit 1118111181,
ubi 18111 1118888 81181111, 18111.

11. 81118811,118118118, 28.

11. 1111181111 7881881181, 11188111· 88188111 81-
88818811 81, 48. 1181818118. 11 81811111
11 Tarentum 81 1188818188 11818818 [ao-
881811 nubatur 28. iubetur 11181111 18 ’81-
8811181811 iniit iiiiiiut
’18 obsidione 11181111 22. 18 1118818118·
8818 18181 8111118888 1111881818 1188181
mittitur 88, at. lautionom 11888811 tt.
8111181 188181 48, 18. 11 8181881188 18181-
11111888.111181188 181881881 818818118-
8881188. 88118 88118 1111811188 1181, iiio.

Q. 18888181 7881881181, 1888181 8811188181118
8111181 21, 8. 11818818 118181811811118.

Q. Βαο8181718111181111, 1118. 818111818118111·
8111881 ΙΙ8168888111 22, 81. 118181111818 no·
111, 11 ,

,88181111Ι 1111181. 81, 8.

. 11118181 811188, 1181181 42, 8.
nauta. 8188 111881811127, 18. 88, 18.

8418881881811181, 11881181 88181 18181881811

81111188 28, 2.

flantia, 8. 28, 18. 1888181188188888811-

111118115Ρ6111ῗ81ῃὶ8 18. ,

88888811 n. 1118 188 811881 1188811 8818181-
8111118828.

8811881. 1188181 Gallorum, 11881811 1811111

affifsssua‘ru‘iffnla'ssussfanpfflffiffl‘tuom a⁴a⁴iu¹13iur
a Romania 18.

8818111, 81881 81181881 1888188881 28, 81.

81118181, 1818111 8818, maior 81 81881 to, 87.
11. 1122, 28. 21, to.

111131118τέ188ἳὲ11111181 1888118181 21, 21. 88. 22,

1111181881811118811 ao, 8. 18, 81. 11, aa,

1181111111 11 88818188111811811181111 8818171-
18811881118 21, ii. 81, 81. 28, 8.

881118181111818888118188181 1111818 ai
11118 18888181 28, 7.

Bantia 27, 28.

1..Ι 1181111111 uetante. 1881811 1811, 818888181
18182881ῗὲ118, Romania 8811111118 88811111·

1188888111, 18811 41, 8.

1181888188818818881188181181881111118 881
1811 8, 41. 8118181 1111811188 8188118118,
31111 tignum 8818111 8, 18. 27, 81. tt

Barbanna 8. 41, 81.

881881181881, 8881 88, 27. 88.

aarum 1181111 28, ta. 118118 81,2. 8. 8111811
811188 887 12, aona 28, tt.

 

