A. U. G. LIBROS. 25

2211211121,1121122,21. dinarii 21 1211221141, 22. primi 22212121
comper„ Graeciae, 1121211121, 21121211, co· 211112 11122111111111 121122 2212112112 112-
11211121 22, 27. 112212 2, 1. 112111 1211211 222121 11111112 11-
0211121222,2ι1111.1111121112 41, 2. 1221 1121121111, idid. 12112 1112122211212 2
2211222,2111,1121112 12212 22, 1. 12222121 oonsulibus 21 populum 2. 2. 2. 22. 12, 11.
1121112112 24. 22. eomundus 1111211111 1122112 11111211 pi. 11
2212222212, 112121211111111121121121111 2212111 didio 1211211111 1111 4, 22. 22211121
24, 41. 112 21212 21111221211111 2,22.2,2. 221·
0221311212 11 Samnio 2211111111 1121111124, 31 48211 2111ι {mgssnfflssssfgbfflemffmssffi
2211111112 2112221121211211221122, 22, :iunium 1111111111 11112 in 11 omri 222111
vomu 2 22, 2. 21,14. 2212111121221 121 11111111 1121111 42, 1, 12 2211212 212·
12111122 7, 15. heio 2122112 discordiae 4, 1. 2. 2, 22. 27
concissam 222211 1, 22. 2, 7. 2, 71, d. 22. 7. 7, 12. 21. 22212121111112121212111112111 11
25. 22121112 1111122 1, 24. 2112111111 patrum 1111111112, 14. 22111121 2122121111 7, 1.
4, 42. 2212111111 21211112, 27. 22. 2,12.24. 1121112117, 17. 1222. 11211. 211121212112·
2, 22. 7, 5. 22, 25. 22, 4. 22. 21. 22. 42, 1122111 1222 1211111111111 11111 11122111, d.
12. 22121112 1211212 12, 22. 1212111 21 po· 2. 1211 11111, 1121 censoribus 21212111 12-
112211111111 22, 24. 2212111121 222112 2, mitium 22112121 24,12. 1112111122 11211111 ii·
2. 21121. 24, 2. 21, 42, 42. 2. 27, 22. 122121, 1. 22, 1. 22, 22. 111211211212211 211,
24, 27. 2212112 1211121111 1, 11, ,22, 25. 24. 1211121111 1121111 22, 411212111211-
7, 22. 2, 2. 2211221211 2, 42. Aequorum 221112 Capitolio. antequam 11 [1211111211
2, 2,1111122212114,22.25.5, 17. 2, 2. 12, proficiscerentur 41, 22. 22212111 21111212,
12. 12. 5111121112, 12. Tarentinorum 2, 11121121 1212121211 1222112111. 211 1211121111
27. sociorum 2, 7. 2212121211 2, 12. 111111- 11 porum 22221211 2211221121122, 22. 112
1112 41, 11. 42, 12111122112221, 11. 221· redo 1121211111 121122111 1112221211 2. 27
2111111 2212111112 2221121112 45, 12, 1211- 2211111111121211211222111 2, 22. 121211·
221111 22, 12. 2222221111 27, 22. 2117. 1121 1211211221111121222111121212, 12.
22, 22. 21,12.22. 21. 22, 21. Arcadum 0211112121 ortus 2112112 11112 2, 2. 11121
22. 2. Aetolorum 22, 2. 22, 2. 211, 24. 22121111 221111. 2, d. 1111111 1122211111. 4,
111121122111,11. 25,22.12121112 Apo· 27. 1111111 11211 22,1, 21 2221112112 21
2121211122 12. 21 2211222121111222. 1122211211 121111 22, 7. 121 12 221212 211
0211212 22212122221 11 1121112 2111111 211, 22. 22212111212112112111112122212211142,
2211121211211111122111211121111 2121111122. 44. 121 12 ‚quis 2211211111 21121112 11151-
22112111131111111 2122 22, 22. 22, 22. 11 11111121 1111111111ηρέ1θ10281111111111101118ῧ11711 ’1.
2121 11112211 12112111 2, 42. 212 24, 22. 1121 12. 24.
22, 112. 42, 12. comma. 2 pidum 2111121111, 11 21111111 2
02141121. 2211211111 inexpugnabile 44, 2, 1121111111 df.
2211212112 27, 27. Contraria 11 1111211112. 221112 2 1111122222.
22112121,222122111211,1.2(.212222, 22121121211111121 121114,1.5.12.111212
coniuratio 12 regibus revocandis 21 21 d. 2111112211 22, 4. 21, 21. 22, 12. 2 11211112
minutiones 7, 22. 22, 25. 22, 21, 22, 2. 2111211 2212 2221112 1, 2. 11211 1111 popu·
22111111121211111221, 121 redituros 12 21 ’ 11111112, 14. Hernicis 2. 41. 11222111·
denominativas 22, 25. nibus 45, 22. 221 1111211111 221111121142, 2.
0211211211· Patres 1112111211, 2, 1. Condantur 21, 22. 21, 42,
commeta, 21111, eapitur 12112121112221- 02212112 tribunorum piebis 2, 24. 2, 22. d,
12121 2, 21. os. 2122, 22, 21112, 22, 12, 1 ,2, 11. 12. nobilitatem 22212112112 111
0212111111.221212111111211111,121122111121211 221 condictionem 11 221121 11111211 4,4
romanorum 25, 1. 222 12112 12 12121111 22, 2, 11121 2211121111
connominari 211211 depopulantur Romani 22, 2, . 2221112112 111111114242. 1211111211
1¹· 1111112122,42. 42, 12. 1121112211 42, 42
0.(1102111111111. 11111. pi. 1112121 12111 21121122, 12121111112212111121 triumviri 221121111111.
22811Ξ1Ξ1111111211111818ῃ211 23 11. 2, 7. 1111112211 1211111 ἕὲἕὼξῇήῗὺω 1121112 11 2121122112
0011244112 1. 2. 02111 102212111, 11211211 2112111212, 12. 21111-
consui invisus 2122112111221112, 22. 12111 121 121 2111211122. 12121 2221211111 22-
dictatorem 112212 221211 4, 21. 22, 2. 12111 2111211 2111111121 22, 2. 27 11.
111 1121212121 12111 1122 11212111122,11. eorumdum, 22211111, 211 Antiocho oppugnatur
11211”11ω111’1ω11”111ὼ11’11112111111331202212 12
ium 11111 21221112222( 12 [112112 111111 6111111,1121111111111121111212211122111211112-
1.. 2211111 2, 42. Consules rimi 21222 2221111112,22.21.4.
212111 1, 12. 122212Ιὶ1121 11 decemviros 021112,1211122211111,22211111(1211212112 2,
1111112111111122111111 2, 22. 21111212 122211· 22. 1121 111 2 Volscis 2. 22.
111111 1211111212211111212,142125.121 22111211 1122112 211211212 oppidum 212112·
2112221212 1211, 11 po 212 22122111 21121 1222121122, 42.
11111111111121111111 1111 11111111111211 ⁶⁶ 111·
pauidis, 22 1122211111, 11 tribuni 1111111111 Corcura. 111112 2111111 22. 21. 21. 18. ²² ei
1111111211111111111111· ii· 11111 ²⁸ ⁰² ‘¹²' ω’ ⁴²· ‘¹²' ³²
111211 21121121 21 12112 212111, 21111122· 2211111121 111 2211212 27, 21. ⁸¹. ²²· ⁰ 1 ·“
1121 2, 4 212. os. 2122, 2. 22112121 111112 11122, 22. 12111111112121122, 2 . 2. 21
do 21211122, 21. rs. 21 42, 2. 2211112121· 21, 12. Corinthiun 21 1111111111 42, 22.

 

